TRM WS=0, MS=1, TRMstep=0: ub=0.800000, lb=0.200000, grow=2.000000,shrink=0.500000, b_w=0,b_m=0, lr=100.000000, lambda=0.000000, n=9, n0=2, n1=2, n2=1, sub_tol=0.001000, sub_maxit=1000000000, tol=1.000000e-08, m=4, nobias=0 
time, iter_t, subset_m_time, g_time, subset_w_time, p1_time, t2, t3, total error, total gmag, rho, sigma, gamma, step, approx error, approx gmag 
1.889525e-04, 1.889525e-04, 5.015405e-05, 1.163457e-04, 0, 2.041153e-06, 1.982834e-05, 5.831866e-07, 1.267624e-01, 4.678925e-03, 0.000000e+00, 0.000000, 1.000000e+02, 0, 0.157905, 4.385095e-02 
2.670995e-04, 7.814701e-05, 1.457967e-06, 6.094300e-05, 0, 1.166373e-06, 1.399648e-05, 5.831866e-07, 2.500000e-01, 3.980795e-11, 0.000000e+00, 0.000000, 1.000000e+02, 0, 0.500000, 7.525716e-11 
3.402894e-04, 7.318992e-05, 8.747799e-07, 5.686069e-05, 0, 8.747799e-07, 1.399648e-05, 5.831866e-07, 2.500000e-01, 3.980795e-11, 0.000000e+00, 0.000000, 1.000000e+02, 0, 0.500000, 8.543840e-11 
4.193112e-04, 7.902179e-05, 1.457967e-06, 5.715229e-05, 0, 5.831866e-07, 1.953675e-05, 2.915933e-07, 2.500000e-01, 3.980795e-11, 0.000000e+00, 0.000000, 1.000000e+02, 0, 0.000000, 2.330655e-20 
4.857944e-04, 6.648327e-05, 8.747799e-07, 5.190361e-05, 0, 5.831866e-07, 1.283011e-05, 2.915933e-07, 2.500000e-01, 3.980795e-11, 0.000000e+00, 0.000000, 1.000000e+02, 0, 0.000000, 1.966746e-20 
5.516945e-04, 6.590009e-05, 8.747799e-07, 5.132042e-05, 0, 5.831866e-07, 1.253851e-05, 5.831866e-07, 2.500000e-01, 3.980795e-11, 0.000000e+00, 0.000000, 1.000000e+02, 0, 0.500000, 7.525716e-11 
6.161367e-04, 6.444212e-05, 5.831866e-07, 5.044564e-05, 0, 5.831866e-07, 1.224692e-05, 5.831866e-07, 2.500000e-01, 3.980795e-11, 0.000000e+00, 0.000000, 1.000000e+02, 0, 0.500000, 8.543841e-11 
6.814536e-04, 6.531690e-05, 8.747799e-07, 5.102883e-05, 0, 5.831866e-07, 1.224692e-05, 5.831866e-07, 2.500000e-01, 3.980795e-11, 0.000000e+00, 0.000000, 1.000000e+02, 0, 0.000000, 2.330655e-20 
7.467705e-04, 6.531690e-05, 8.747799e-07, 5.073724e-05, 0, 8.747799e-07, 1.224692e-05, 5.831866e-07, 2.500000e-01, 3.980795e-11, 0.000000e+00, 0.000000, 1.000000e+02, 0, 0.000000, 1.966746e-20 
8.132537e-04, 6.648327e-05, 8.747799e-07, 5.248680e-05, 0, 5.831866e-07, 1.195533e-05, 5.831866e-07, 2.500000e-01, 3.980795e-11, 0.000000e+00, 0.000000, 1.000000e+02, 0, 0.500000, 7.525717e-11 
8.774043e-04, 6.415053e-05, 8.747799e-07, 4.986246e-05, 0, 5.831866e-07, 1.224692e-05, 5.831866e-07, 2.500000e-01, 3.980796e-11, 0.000000e+00, 0.000000, 1.000000e+02, 0, 0.500000, 8.543842e-11 
9.412632e-04, 6.385893e-05, 8.747799e-07, 5.073724e-05, 0, 5.831866e-07, 1.137214e-05, 2.915933e-07, 2.500000e-01, 3.980796e-11, 0.000000e+00, 0.000000, 1.000000e+02, 0, 0.000000, 2.330656e-20 
1.006289e-03, 6.502531e-05, 8.747799e-07, 5.073724e-05, 0, 8.747799e-07, 1.195533e-05, 5.831866e-07, 2.500000e-01, 3.980796e-11, 0.000000e+00, 0.000000, 1.000000e+02, 0, 0.000000, 1.966746e-20 
1.069273e-03, 6.298415e-05, 8.747799e-07, 4.927927e-05, 0, 5.831866e-07, 1.166373e-05, 5.831866e-07, 2.500000e-01, 3.980796e-11, 0.000000e+00, 0.000000, 1.000000e+02, 0, 0.500000, 7.525718e-11 
1.133715e-03, 6.444212e-05, 8.747799e-07, 5.044564e-05, 0, 8.747799e-07, 1.166373e-05, 5.831866e-07, 2.500000e-01, 3.980796e-11, 0.000000e+00, 0.000000, 1.000000e+02, 0, 0.500000, 8.543842e-11 
1.197282e-03, 6.356734e-05, 1.166373e-06, 4.957086e-05, 0, 5.831866e-07, 1.166373e-05, 5.831866e-07, 2.500000e-01, 3.980796e-11, 0.000000e+00, 0.000000, 1.000000e+02, 0, 0.000000, 2.330656e-20 
1.260849e-03, 6.356734e-05, 8.747799e-07, 5.015405e-05, 0, 5.831866e-07, 1.166373e-05, 2.915933e-07, 2.500000e-01, 3.980796e-11, 0.000000e+00, 0.000000, 1.000000e+02, 0, 0.000000, 1.966747e-20 
1.324417e-03, 6.356734e-05, 8.747799e-07, 4.957086e-05, 0, 5.831866e-07, 1.195533e-05, 5.831866e-07, 2.500000e-01, 3.980796e-11, 0.000000e+00, 0.000000, 1.000000e+02, 0, 0.500000, 7.525718e-11 
1.387984e-03, 6.356734e-05, 8.747799e-07, 4.986246e-05, 0, 5.831866e-07, 1.166373e-05, 5.831866e-07, 2.500000e-01, 3.980796e-11, 0.000000e+00, 0.000000, 1.000000e+02, 0, 0.500000, 8.543843e-11 
1.451551e-03, 6.356734e-05, 8.747799e-07, 4.986246e-05, 0, 5.831866e-07, 1.195533e-05, 2.915933e-07, 2.500000e-01, 3.980796e-11, 0.000000e+00, 0.000000, 1.000000e+02, 0, 0.000000, 2.330656e-20 
1.515410e-03, 6.385893e-05, 8.747799e-07, 5.044564e-05, 0, 5.831866e-07, 1.166373e-05, 2.915933e-07, 2.500000e-01, 3.980796e-11, 0.000000e+00, 0.000000, 1.000000e+02, 0, 0.000000, 1.966747e-20 
1.578395e-03, 6.298415e-05, 8.747799e-07, 4.927927e-05, 0, 5.831866e-07, 1.166373e-05, 5.831866e-07, 2.500000e-01, 3.980796e-11, 0.000000e+00, 0.000000, 1.000000e+02, 0, 0.500000, 7.525719e-11 
1.641962e-03, 6.356734e-05, 8.747799e-07, 5.015405e-05, 0, 5.831866e-07, 1.166373e-05, 2.915933e-07, 2.500000e-01, 3.980797e-11, 0.000000e+00, 0.000000, 1.000000e+02, 0, 0.500000, 8.543844e-11 
1.706404e-03, 6.444212e-05, 8.747799e-07, 5.073724e-05, 0, 8.747799e-07, 1.137214e-05, 5.831866e-07, 2.500000e-01, 3.980797e-11, 0.000000e+00, 0.000000, 1.000000e+02, 0, 0.000000, 2.330657e-20 
1.769971e-03, 6.356734e-05, 8.747799e-07, 4.986246e-05, 0, 8.747799e-07, 1.166373e-05, 2.915933e-07, 2.500000e-01, 3.980797e-11, 0.000000e+00, 0.000000, 1.000000e+02, 0, 0.000000, 1.966747e-20 
1.834413e-03, 6.444212e-05, 1.166373e-06, 5.044564e-05, 0, 5.831866e-07, 1.166373e-05, 5.831866e-07, 2.500000e-01, 3.980797e-11, 0.000000e+00, 0.000000, 1.000000e+02, 0, 0.500000, 7.525720e-11 
1.897981e-03, 6.356734e-05, 8.747799e-07, 4.986246e-05, 0, 5.831866e-07, 1.195533e-05, 2.915933e-07, 2.500000e-01, 3.980797e-11, 0.000000e+00, 0.000000, 1.000000e+02, 0, 0.500000, 8.543845e-11 
1.961548e-03, 6.356734e-05, 8.747799e-07, 5.015405e-05, 0, 5.831866e-07, 1.137214e-05, 5.831866e-07, 2.500000e-01, 3.980797e-11, 0.000000e+00, 0.000000, 1.000000e+02, 0, 0.000000, 2.330657e-20 
2.024824e-03, 6.327575e-05, 8.747799e-07, 4.957086e-05, 0, 5.831866e-07, 1.166373e-05, 5.831866e-07, 2.500000e-01, 3.980797e-11, 0.000000e+00, 0.000000, 1.000000e+02, 0, 0.000000, 1.966748e-20 
2.119883e-03, 9.505942e-05, 1.166373e-06, 7.610585e-05, 0, 1.166373e-06, 1.603763e-05, 5.831866e-07, 2.500000e-01, 3.980797e-11, 0.000000e+00, 0.000000, 1.000000e+02, 0, 0.500000, 7.525720e-11 
2.194531e-03, 7.464789e-05, 1.166373e-06, 5.773547e-05, 0, 5.831866e-07, 1.428807e-05, 8.747799e-07, 2.500000e-01, 3.980797e-11, 0.000000e+00, 0.000000, 1.000000e+02, 0, 0.500000, 8.543846e-11 
2.271803e-03, 7.727223e-05, 1.166373e-06, 5.831866e-05, 0, 8.747799e-07, 1.662082e-05, 2.915933e-07, 2.500000e-01, 3.980798e-11, 0.000000e+00, 0.000000, 1.000000e+02, 0, 0.000000, 2.330658e-20 
2.347618e-03, 7.581426e-05, 1.166373e-06, 5.977663e-05, 0, 8.747799e-07, 1.341329e-05, 5.831866e-07, 2.500000e-01, 3.980798e-11, 0.000000e+00, 0.000000, 1.000000e+02, 0, 0.000000, 1.966748e-20 
2.426931e-03, 7.931338e-05, 8.747799e-07, 6.415053e-05, 0, 5.831866e-07, 1.312170e-05, 5.831866e-07, 2.500000e-01, 3.980798e-11, 0.000000e+00, 0.000000, 1.000000e+02, 0, 0.500000, 7.525721e-11 
2.497788e-03, 7.085717e-05, 8.747799e-07, 5.569432e-05, 0, 5.831866e-07, 1.312170e-05, 5.831866e-07, 2.500000e-01, 3.980798e-11, 0.000000e+00, 0.000000, 1.000000e+02, 0, 0.500000, 8.543846e-11 
2.569229e-03, 7.144036e-05, 1.166373e-06, 5.540273e-05, 0, 8.747799e-07, 1.341329e-05, 5.831866e-07, 2.500000e-01, 3.980798e-11, 0.000000e+00, 0.000000, 1.000000e+02, 0, 0.000000, 2.330658e-20 
2.664288e-03, 9.505942e-05, 8.747799e-07, 7.668904e-05, 0, 5.831866e-07, 1.603763e-05, 8.747799e-07, 2.500000e-01, 3.980798e-11, 0.000000e+00, 0.000000, 1.000000e+02, 0, 0.000000, 1.966748e-20 
2.761097e-03, 9.680898e-05, 1.166373e-06, 7.348151e-05, 0, 2.332746e-06, 1.895356e-05, 8.747799e-07, 2.500000e-01, 3.980798e-11, 0.000000e+00, 0.000000, 1.000000e+02, 0, 0.500000, 7.525722e-11 
2.835453e-03, 7.435629e-05, 8.747799e-07, 5.861025e-05, 0, 5.831866e-07, 1.370489e-05, 5.831866e-07, 2.500000e-01, 3.980798e-11, 0.000000e+00, 0.000000, 1.000000e+02, 0, 0.500000, 8.543847e-11 
2.941885e-03, 1.064316e-04, 1.457967e-06, 8.368728e-05, 0, 1.166373e-06, 1.953675e-05, 5.831866e-07, 2.500000e-01, 3.980798e-11, 0.000000e+00, 0.000000, 1.000000e+02, 0, 0.000000, 2.330659e-20 
3.014200e-03, 7.231514e-05, 8.747799e-07, 5.715229e-05, 0, 5.831866e-07, 1.312170e-05, 5.831866e-07, 2.500000e-01, 3.980798e-11, 0.000000e+00, 0.000000, 1.000000e+02, 0, 0.000000, 1.966749e-20 
3.089139e-03, 7.493948e-05, 1.166373e-06, 5.919344e-05, 0, 5.831866e-07, 1.370489e-05, 2.915933e-07, 2.500000e-01, 3.980798e-11, 0.000000e+00, 0.000000, 1.000000e+02, 0, 0.500000, 7.525722e-11 
3.164954e-03, 7.581426e-05, 8.747799e-07, 5.890185e-05, 0, 8.747799e-07, 1.457967e-05, 5.831866e-07, 2.500000e-01, 3.980798e-11, 0.000000e+00, 0.000000, 1.000000e+02, 0, 0.500000, 8.543848e-11 
3.239018e-03, 7.406470e-05, 1.166373e-06, 5.831866e-05, 0, 5.831866e-07, 1.341329e-05, 5.831866e-07, 2.500000e-01, 3.980799e-11, 0.000000e+00, 0.000000, 1.000000e+02, 0, 0.000000, 2.330659e-20 
3.311625e-03, 7.260673e-05, 8.747799e-07, 5.715229e-05, 0, 8.747799e-07, 1.312170e-05, 5.831866e-07, 2.500000e-01, 3.980799e-11, 0.000000e+00, 0.000000, 1.000000e+02, 0, 0.000000, 1.966749e-20 
3.400270e-03, 8.864437e-05, 8.747799e-07, 7.027399e-05, 0, 8.747799e-07, 1.603763e-05, 5.831866e-07, 2.500000e-01, 3.980799e-11, 0.000000e+00, 0.000000, 1.000000e+02, 0, 0.500000, 7.525723e-11 
3.490080e-03, 8.981074e-05, 1.457967e-06, 7.202355e-05, 0, 8.747799e-07, 1.487126e-05, 5.831866e-07, 2.500000e-01, 3.980799e-11, 0.000000e+00, 0.000000, 1.000000e+02, 0, 0.500000, 8.543849e-11 
3.574351e-03, 8.427047e-05, 1.166373e-06, 6.269256e-05, 0, 8.747799e-07, 1.866197e-05, 8.747799e-07, 2.500000e-01, 3.980799e-11, 0.000000e+00, 0.000000, 1.000000e+02, 0, 0.000000, 2.330659e-20 
3.653956e-03, 7.960497e-05, 1.166373e-06, 6.269256e-05, 0, 8.747799e-07, 1.428807e-05, 5.831866e-07, 2.500000e-01, 3.980799e-11, 0.000000e+00, 0.000000, 1.000000e+02, 0, 0.000000, 1.966750e-20 
3.760970e-03, 1.070147e-04, 1.166373e-06, 8.660321e-05, 0, 8.747799e-07, 1.778719e-05, 5.831866e-07, 2.500000e-01, 3.980799e-11, 0.000000e+00, 0.000000, 1.000000e+02, 0, 0.500000, 7.525724e-11 
3.836493e-03, 7.552267e-05, 1.457967e-06, 5.861025e-05, 0, 8.747799e-07, 1.399648e-05, 5.831866e-07, 2.500000e-01, 3.980799e-11, 0.000000e+00, 0.000000, 1.000000e+02, 0, 0.500000, 8.543849e-11 
3.919889e-03, 8.339569e-05, 1.166373e-06, 6.677487e-05, 0, 5.831866e-07, 1.399648e-05, 8.747799e-07, 2.500000e-01, 3.980799e-11, 0.000000e+00, 0.000000, 1.000000e+02, 0, 0.000000, 2.330660e-20 
3.986372e-03, 6.648327e-05, 8.747799e-07, 5.219520e-05, 0, 5.831866e-07, 1.224692e-05, 5.831866e-07, 2.500000e-01, 3.980799e-11, 0.000000e+00, 0.000000, 1.000000e+02, 0, 0.000000, 1.966750e-20 
4.051981e-03, 6.560849e-05, 8.747799e-07, 5.132042e-05, 0, 5.831866e-07, 1.224692e-05, 5.831866e-07, 2.500000e-01, 3.980799e-11, 0.000000e+00, 0.000000, 1.000000e+02, 0, 0.500000, 7.525725e-11 
4.118464e-03, 6.648327e-05, 1.166373e-06, 5.161202e-05, 0, 5.831866e-07, 1.253851e-05, 5.831866e-07, 2.500000e-01, 3.980800e-11, 0.000000e+00, 0.000000, 1.000000e+02, 0, 0.500000, 8.543850e-11 
4.189321e-03, 7.085717e-05, 1.166373e-06, 5.481954e-05, 0, 8.747799e-07, 1.341329e-05, 5.831866e-07, 2.500000e-01, 3.980800e-11, 0.000000e+00, 0.000000, 1.000000e+02, 0, 0.000000, 2.330660e-20 
4.301584e-03, 1.122634e-04, 8.747799e-07, 9.185189e-05, 0, 1.457967e-06, 1.749560e-05, 5.831866e-07, 2.500000e-01, 3.980800e-11, 0.000000e+00, 0.000000, 1.000000e+02, 0, 0.000000, 1.966750e-20 
4.373608e-03, 7.202355e-05, 1.166373e-06, 5.656910e-05, 0, 8.747799e-07, 1.312170e-05, 2.915933e-07, 2.500000e-01, 3.980800e-11, 0.000000e+00, 0.000000, 1.000000e+02, 0, 0.500000, 7.525725e-11 
4.443590e-03, 6.998239e-05, 8.747799e-07, 5.481954e-05, 0, 5.831866e-07, 1.312170e-05, 5.831866e-07, 2.500000e-01, 3.980800e-11, 0.000000e+00, 0.000000, 1.000000e+02, 0, 0.500000, 8.543851e-11 
4.508907e-03, 6.531690e-05, 8.747799e-07, 5.073724e-05, 0, 5.831866e-07, 1.253851e-05, 5.831866e-07, 2.500000e-01, 3.980800e-11, 0.000000e+00, 0.000000, 1.000000e+02, 0, 0.000000, 2.330661e-20 
4.574807e-03, 6.590009e-05, 8.747799e-07, 5.161202e-05, 0, 5.831866e-07, 1.224692e-05, 5.831866e-07, 2.500000e-01, 3.980800e-11, 0.000000e+00, 0.000000, 1.000000e+02, 0, 0.000000, 1.966751e-20 
4.639250e-03, 6.444212e-05, 8.747799e-07, 5.015405e-05, 0, 8.747799e-07, 1.195533e-05, 5.831866e-07, 2.500000e-01, 3.980800e-11, 0.000000e+00, 0.000000, 1.000000e+02, 0, 0.500000, 7.525726e-11 
4.710398e-03, 7.114877e-05, 8.747799e-07, 5.744388e-05, 0, 5.831866e-07, 1.195533e-05, 2.915933e-07, 2.500000e-01, 3.980800e-11, 0.000000e+00, 0.000000, 1.000000e+02, 0, 0.500000, 8.543852e-11 
4.774549e-03, 6.415053e-05, 8.747799e-07, 5.015405e-05, 0, 5.831866e-07, 1.195533e-05, 5.831866e-07, 2.500000e-01, 3.980800e-11, 0.000000e+00, 0.000000, 1.000000e+02, 0, 0.000000, 2.330661e-20 
4.838699e-03, 6.415053e-05, 1.166373e-06, 4.986246e-05, 0, 5.831866e-07, 1.195533e-05, 5.831866e-07, 2.500000e-01, 3.980800e-11, 0.000000e+00, 0.000000, 1.000000e+02, 0, 0.000000, 1.966751e-20 
4.903141e-03, 6.444212e-05, 8.747799e-07, 5.044564e-05, 0, 5.831866e-07, 1.195533e-05, 5.831866e-07, 2.500000e-01, 3.980800e-11, 0.000000e+00, 0.000000, 1.000000e+02, 0, 0.500000, 7.525727e-11 
4.967000e-03, 6.385893e-05, 8.747799e-07, 4.957086e-05, 0, 5.831866e-07, 1.224692e-05, 5.831866e-07, 2.500000e-01, 3.980801e-11, 0.000000e+00, 0.000000, 1.000000e+02, 0, 0.500000, 8.543852e-11 
5.029985e-03, 6.298415e-05, 8.747799e-07, 4.927927e-05, 0, 5.831866e-07, 1.166373e-05, 5.831866e-07, 2.500000e-01, 3.980801e-11, 0.000000e+00, 0.000000, 1.000000e+02, 0, 0.000000, 2.330662e-20 
5.128251e-03, 9.826694e-05, 8.747799e-07, 8.397887e-05, 0, 8.747799e-07, 1.195533e-05, 5.831866e-07, 2.500000e-01, 3.980801e-11, 0.000000e+00, 0.000000, 1.000000e+02, 0, 0.000000, 1.966751e-20 
5.192110e-03, 6.385893e-05, 8.747799e-07, 4.957086e-05, 0, 8.747799e-07, 1.195533e-05, 5.831866e-07, 2.500000e-01, 3.980801e-11, 0.000000e+00, 0.000000, 1.000000e+02, 0, 0.500000, 7.525727e-11 
5.254803e-03, 6.269256e-05, 5.831866e-07, 4.957086e-05, 0, 5.831866e-07, 1.166373e-05, 2.915933e-07, 2.500000e-01, 3.980801e-11, 0.000000e+00, 0.000000, 1.000000e+02, 0, 0.500000, 8.543853e-11 
5.318370e-03, 6.356734e-05, 8.747799e-07, 4.986246e-05, 0, 5.831866e-07, 1.195533e-05, 2.915933e-07, 2.500000e-01, 3.980801e-11, 0.000000e+00, 0.000000, 1.000000e+02, 0, 0.000000, 2.330662e-20 
5.382812e-03, 6.444212e-05, 8.747799e-07, 5.044564e-05, 0, 8.747799e-07, 1.166373e-05, 5.831866e-07, 2.500000e-01, 3.980801e-11, 0.000000e+00, 0.000000, 1.000000e+02, 0, 0.000000, 1.966752e-20 
5.446088e-03, 6.327575e-05, 8.747799e-07, 4.927927e-05, 0, 5.831866e-07, 1.195533e-05, 5.831866e-07, 2.500000e-01, 3.980801e-11, 0.000000e+00, 0.000000, 1.000000e+02, 0, 0.500000, 7.525728e-11 
5.509364e-03, 6.327575e-05, 5.831866e-07, 4.957086e-05, 0, 5.831866e-07, 1.195533e-05, 5.831866e-07, 2.500000e-01, 3.980801e-11, 0.000000e+00, 0.000000, 1.000000e+02, 0, 0.500000, 8.543854e-11 
5.572348e-03, 6.298415e-05, 8.747799e-07, 4.957086e-05, 0, 5.831866e-07, 1.166373e-05, 2.915933e-07, 2.500000e-01, 3.980802e-11, 0.000000e+00, 0.000000, 1.000000e+02, 0, 0.000000, 2.330663e-20 
5.636499e-03, 6.415053e-05, 8.747799e-07, 4.986246e-05, 0, 8.747799e-07, 1.195533e-05, 5.831866e-07, 2.500000e-01, 3.980802e-11, 0.000000e+00, 0.000000, 1.000000e+02, 0, 0.000000, 1.966752e-20 
5.699774e-03, 6.327575e-05, 8.747799e-07, 4.986246e-05, 0, 5.831866e-07, 1.137214e-05, 5.831866e-07, 2.500000e-01, 3.980802e-11, 0.000000e+00, 0.000000, 1.000000e+02, 0, 0.500000, 7.525729e-11 
5.763342e-03, 6.356734e-05, 8.747799e-07, 5.015405e-05, 0, 5.831866e-07, 1.166373e-05, 2.915933e-07, 2.500000e-01, 3.980802e-11, 0.000000e+00, 0.000000, 1.000000e+02, 0, 0.500000, 8.543855e-11 
5.826909e-03, 6.356734e-05, 8.747799e-07, 5.015405e-05, 0, 5.831866e-07, 1.137214e-05, 5.831866e-07, 2.500000e-01, 3.980802e-11, 0.000000e+00, 0.000000, 1.000000e+02, 0, 0.000000, 2.330663e-20 
5.890476e-03, 6.356734e-05, 8.747799e-07, 4.986246e-05, 0, 8.747799e-07, 1.166373e-05, 2.915933e-07, 2.500000e-01, 3.980802e-11, 0.000000e+00, 0.000000, 1.000000e+02, 0, 0.000000, 1.966752e-20 
5.953169e-03, 6.269256e-05, 8.747799e-07, 4.927927e-05, 0, 5.831866e-07, 1.137214e-05, 5.831866e-07, 2.500000e-01, 3.980802e-11, 0.000000e+00, 0.000000, 1.000000e+02, 0, 0.500000, 7.525729e-11 
6.017028e-03, 6.385893e-05, 1.166373e-06, 4.986246e-05, 0, 5.831866e-07, 1.166373e-05, 5.831866e-07, 2.500000e-01, 3.980802e-11, 0.000000e+00, 0.000000, 1.000000e+02, 0, 0.500000, 8.543855e-11 
6.080595e-03, 6.356734e-05, 8.747799e-07, 4.986246e-05, 0, 5.831866e-07, 1.166373e-05, 5.831866e-07, 2.500000e-01, 3.980802e-11, 0.000000e+00, 0.000000, 1.000000e+02, 0, 0.000000, 2.330663e-20 
6.143579e-03, 6.298415e-05, 8.747799e-07, 4.927927e-05, 0, 5.831866e-07, 1.195533e-05, 2.915933e-07, 2.500000e-01, 3.980802e-11, 0.000000e+00, 0.000000, 1.000000e+02, 0, 0.000000, 1.966753e-20 
6.218227e-03, 7.464789e-05, 5.831866e-07, 4.957086e-05, 0, 5.831866e-07, 2.361906e-05, 2.915933e-07, 2.500000e-01, 3.980802e-11, 0.000000e+00, 0.000000, 1.000000e+02, 0, 0.500000, 7.525730e-11 
6.298415e-03, 8.018816e-05, 1.166373e-06, 6.298415e-05, 0, 8.747799e-07, 1.457967e-05, 5.831866e-07, 2.500000e-01, 3.980802e-11, 0.000000e+00, 0.000000, 1.000000e+02, 0, 0.500000, 8.543856e-11 
6.367523e-03, 6.910761e-05, 1.166373e-06, 5.394476e-05, 0, 8.747799e-07, 1.253851e-05, 5.831866e-07, 2.500000e-01, 3.980803e-11, 0.000000e+00, 0.000000, 1.000000e+02, 0, 0.000000, 2.330664e-20 
6.435173e-03, 6.764965e-05, 8.747799e-07, 5.306998e-05, 0, 5.831866e-07, 1.253851e-05, 5.831866e-07, 2.500000e-01, 3.980803e-11, 0.000000e+00, 0.000000, 1.000000e+02, 0, 0.000000, 1.966753e-20 
6.505447e-03, 7.027399e-05, 1.166373e-06, 5.511113e-05, 0, 8.747799e-07, 1.283011e-05, 2.915933e-07, 2.500000e-01, 3.980803e-11, 0.000000e+00, 0.000000, 1.000000e+02, 0, 0.500000, 7.525731e-11 
6.569306e-03, 6.385893e-05, 8.747799e-07, 5.015405e-05, 0, 8.747799e-07, 1.166373e-05, 2.915933e-07, 2.500000e-01, 3.980803e-11, 0.000000e+00, 0.000000, 1.000000e+02, 0, 0.500000, 8.543857e-11 
6.632290e-03, 6.298415e-05, 8.747799e-07, 4.927927e-05, 0, 5.831866e-07, 1.166373e-05, 5.831866e-07, 2.500000e-01, 3.980803e-11, 0.000000e+00, 0.000000, 1.000000e+02, 0, 0.000000, 2.330664e-20 
6.695857e-03, 6.356734e-05, 8.747799e-07, 4.957086e-05, 0, 5.831866e-07, 1.195533e-05, 5.831866e-07, 2.500000e-01, 3.980803e-11, 0.000000e+00, 0.000000, 1.000000e+02, 0, 0.000000, 1.966753e-20 
6.758258e-03, 6.240097e-05, 8.747799e-07, 4.898768e-05, 0, 5.831866e-07, 1.166373e-05, 2.915933e-07, 2.500000e-01, 3.980803e-11, 0.000000e+00, 0.000000, 1.000000e+02, 0, 0.500000, 7.525731e-11 
6.821825e-03, 6.356734e-05, 8.747799e-07, 5.015405e-05, 0, 5.831866e-07, 1.166373e-05, 2.915933e-07, 2.500000e-01, 3.980803e-11, 0.000000e+00, 0.000000, 1.000000e+02, 0, 0.500000, 8.543858e-11 
6.903472e-03, 8.164613e-05, 1.749560e-06, 6.298415e-05, 0, 8.747799e-07, 1.516285e-05, 8.747799e-07, 2.500000e-01, 3.980803e-11, 0.000000e+00, 0.000000, 1.000000e+02, 0, 0.000000, 2.330665e-20 
6.967039e-03, 6.356734e-05, 8.747799e-07, 4.986246e-05, 0, 5.831866e-07, 1.166373e-05, 5.831866e-07, 2.500000e-01, 3.980803e-11, 0.000000e+00, 0.000000, 1.000000e+02, 0, 0.000000, 1.966754e-20 
7.030898e-03, 6.385893e-05, 8.747799e-07, 5.015405e-05, 0, 5.831866e-07, 1.166373e-05, 5.831866e-07, 2.500000e-01, 3.980803e-11, 0.000000e+00, 0.000000, 1.000000e+02, 0, 0.500000, 7.525732e-11 
7.094174e-03, 6.327575e-05, 8.747799e-07, 4.957086e-05, 0, 5.831866e-07, 1.195533e-05, 2.915933e-07, 2.500000e-01, 3.980803e-11, 0.000000e+00, 0.000000, 1.000000e+02, 0, 0.500000, 8.543859e-11 
7.157741e-03, 6.356734e-05, 8.747799e-07, 4.957086e-05, 0, 8.747799e-07, 1.166373e-05, 5.831866e-07, 2.500000e-01, 3.980804e-11, 0.000000e+00, 0.000000, 1.000000e+02, 0, 0.000000, 2.330665e-20 
7.247260e-03, 8.951915e-05, 1.457967e-06, 6.969080e-05, 0, 8.747799e-07, 1.691241e-05, 5.831866e-07, 2.500000e-01, 3.980804e-11, 0.000000e+00, 0.000000, 1.000000e+02, 0, 0.000000, 1.966754e-20 
7.313743e-03, 6.648327e-05, 8.747799e-07, 5.190361e-05, 0, 5.831866e-07, 1.253851e-05, 5.831866e-07, 2.500000e-01, 3.980804e-11, 0.000000e+00, 0.000000, 1.000000e+02, 0, 0.500000, 7.525733e-11 
7.386642e-03, 7.289833e-05, 8.747799e-07, 5.890185e-05, 0, 5.831866e-07, 1.195533e-05, 5.831866e-07, 2.500000e-01, 3.980804e-11, 0.000000e+00, 0.000000, 1.000000e+02, 0, 0.500000, 8.543859e-11 
7.450501e-03, 6.385893e-05, 1.166373e-06, 4.986246e-05, 0, 5.831866e-07, 1.195533e-05, 2.915933e-07, 2.500000e-01, 3.980804e-11, 0.000000e+00, 0.000000, 1.000000e+02, 0, 0.000000, 2.330666e-20 
7.514068e-03, 6.356734e-05, 8.747799e-07, 4.986246e-05, 0, 5.831866e-07, 1.166373e-05, 5.831866e-07, 2.500000e-01, 3.980804e-11, 0.000000e+00, 0.000000, 1.000000e+02, 0, 0.000000, 1.966754e-20 
7.578218e-03, 6.415053e-05, 8.747799e-07, 5.044564e-05, 0, 5.831866e-07, 1.166373e-05, 5.831866e-07, 2.500000e-01, 3.980804e-11, 0.000000e+00, 0.000000, 1.000000e+02, 0, 0.500000, 7.525734e-11 
7.647618e-03, 6.939921e-05, 8.747799e-07, 5.598591e-05, 0, 5.831866e-07, 1.166373e-05, 2.915933e-07, 2.500000e-01, 3.980804e-11, 0.000000e+00, 0.000000, 1.000000e+02, 0, 0.500000, 8.543860e-11 
7.711477e-03, 6.385893e-05, 8.747799e-07, 5.015405e-05, 0, 5.831866e-07, 1.166373e-05, 5.831866e-07, 2.500000e-01, 3.980804e-11, 0.000000e+00, 0.000000, 1.000000e+02, 0, 0.000000, 2.330666e-20 
7.777668e-03, 6.619168e-05, 1.457967e-06, 5.102883e-05, 0, 8.747799e-07, 1.224692e-05, 5.831866e-07, 2.500000e-01, 3.980804e-11, 0.000000e+00, 0.000000, 1.000000e+02, 0, 0.000000, 1.966755e-20 
7.849692e-03, 7.202355e-05, 8.747799e-07, 5.802707e-05, 0, 5.831866e-07, 1.224692e-05, 2.915933e-07, 2.500000e-01, 3.980804e-11, 0.000000e+00, 0.000000, 1.000000e+02, 0, 0.500000, 7.525734e-11 
7.988490e-03, 1.387984e-04, 3.207526e-06, 9.301826e-05, 0, 2.332746e-06, 3.878191e-05, 1.457967e-06, 2.500000e-01, 3.980805e-11, 0.000000e+00, 0.000000, 1.000000e+02, 0, 0.500000, 8.543861e-11 
8.087340e-03, 9.885013e-05, 1.749560e-06, 7.552267e-05, 0, 1.166373e-06, 1.982834e-05, 5.831866e-07, 2.500000e-01, 3.980805e-11, 0.000000e+00, 0.000000, 1.000000e+02, 0, 0.000000, 2.330666e-20 
8.158198e-03, 7.085717e-05, 1.457967e-06, 5.481954e-05, 0, 8.747799e-07, 1.341329e-05, 2.915933e-07, 2.500000e-01, 3.980805e-11, 0.000000e+00, 0.000000, 1.000000e+02, 0, 0.000000, 1.966755e-20 
8.224389e-03, 6.619168e-05, 8.747799e-07, 5.132042e-05, 0, 8.747799e-07, 1.253851e-05, 5.831866e-07, 2.500000e-01, 3.980805e-11, 0.000000e+00, 0.000000, 1.000000e+02, 0, 0.500000, 7.525735e-11 
8.289123e-03, 6.473371e-05, 8.747799e-07, 5.102883e-05, 0, 5.831866e-07, 1.195533e-05, 2.915933e-07, 2.500000e-01, 3.980805e-11, 0.000000e+00, 0.000000, 1.000000e+02, 0, 0.500000, 8.543862e-11 
8.367562e-03, 7.843860e-05, 8.747799e-07, 5.102883e-05, 0, 5.831866e-07, 2.536862e-05, 5.831866e-07, 2.500000e-01, 3.980805e-11, 0.000000e+00, 0.000000, 1.000000e+02, 0, 0.000000, 2.330667e-20 
8.437836e-03, 7.027399e-05, 8.747799e-07, 5.511113e-05, 0, 5.831866e-07, 1.312170e-05, 5.831866e-07, 2.500000e-01, 3.980805e-11, 0.000000e+00, 0.000000, 1.000000e+02, 0, 0.000000, 1.966755e-20 
8.517440e-03, 7.960497e-05, 1.166373e-06, 6.444212e-05, 0, 5.831866e-07, 1.283011e-05, 5.831866e-07, 2.500000e-01, 3.980805e-11, 0.000000e+00, 0.000000, 1.000000e+02, 0, 0.500000, 7.525736e-11 
8.587714e-03, 7.027399e-05, 8.747799e-07, 5.511113e-05, 0, 5.831866e-07, 1.312170e-05, 5.831866e-07, 2.500000e-01, 3.980805e-11, 0.000000e+00, 0.000000, 1.000000e+02, 0, 0.500000, 8.543862e-11 
8.683649e-03, 9.593420e-05, 2.041153e-06, 7.523107e-05, 0, 1.166373e-06, 1.691241e-05, 5.831866e-07, 2.500000e-01, 3.980805e-11, 0.000000e+00, 0.000000, 1.000000e+02, 0, 0.000000, 2.330667e-20 
8.748966e-03, 6.531690e-05, 1.166373e-06, 5.102883e-05, 0, 5.831866e-07, 1.224692e-05, 2.915933e-07, 2.500000e-01, 3.980805e-11, 0.000000e+00, 0.000000, 1.000000e+02, 0, 0.000000, 1.966756e-20 
8.813991e-03, 6.502531e-05, 8.747799e-07, 5.102883e-05, 0, 5.831866e-07, 1.195533e-05, 5.831866e-07, 2.500000e-01, 3.980805e-11, 0.000000e+00, 0.000000, 1.000000e+02, 0, 0.500000, 7.525736e-11 
8.882807e-03, 6.881602e-05, 8.747799e-07, 5.452795e-05, 0, 8.747799e-07, 1.224692e-05, 2.915933e-07, 2.500000e-01, 3.980806e-11, 0.000000e+00, 0.000000, 1.000000e+02, 0, 0.500000, 8.543863e-11 
8.946666e-03, 6.385893e-05, 8.747799e-07, 4.986246e-05, 0, 5.831866e-07, 1.195533e-05, 5.831866e-07, 2.500000e-01, 3.980806e-11, 0.000000e+00, 0.000000, 1.000000e+02, 0, 0.000000, 2.330668e-20 
9.010525e-03, 6.385893e-05, 8.747799e-07, 5.015405e-05, 0, 5.831866e-07, 1.195533e-05, 2.915933e-07, 2.500000e-01, 3.980806e-11, 0.000000e+00, 0.000000, 1.000000e+02, 0, 0.000000, 1.966756e-20 
9.073509e-03, 6.298415e-05, 8.747799e-07, 4.927927e-05, 0, 5.831866e-07, 1.166373e-05, 5.831866e-07, 2.500000e-01, 3.980806e-11, 0.000000e+00, 0.000000, 1.000000e+02, 0, 0.500000, 7.525737e-11 
9.139992e-03, 6.648327e-05, 8.747799e-07, 5.248680e-05, 0, 5.831866e-07, 1.195533e-05, 5.831866e-07, 2.500000e-01, 3.980806e-11, 0.000000e+00, 0.000000, 1.000000e+02, 0, 0.500000, 8.543864e-11 
9.203851e-03, 6.385893e-05, 8.747799e-07, 5.015405e-05, 0, 5.831866e-07, 1.195533e-05, 2.915933e-07, 2.500000e-01, 3.980806e-11, 0.000000e+00, 0.000000, 1.000000e+02, 0, 0.000000, 2.330668e-20 
9.267418e-03, 6.356734e-05, 8.747799e-07, 4.957086e-05, 0, 5.831866e-07, 1.195533e-05, 5.831866e-07, 2.500000e-01, 3.980806e-11, 0.000000e+00, 0.000000, 1.000000e+02, 0, 0.000000, 1.966757e-20 
9.330403e-03, 6.298415e-05, 8.747799e-07, 4.927927e-05, 0, 5.831866e-07, 1.195533e-05, 2.915933e-07, 2.500000e-01, 3.980806e-11, 0.000000e+00, 0.000000, 1.000000e+02, 0, 0.500000, 7.525738e-11 
9.406508e-03, 7.610585e-05, 8.747799e-07, 4.927927e-05, 0, 5.831866e-07, 1.457967e-05, 1.078895e-05, 2.500000e-01, 3.980806e-11, 0.000000e+00, 0.000000, 1.000000e+02, 0, 0.500000, 8.543865e-11 
9.470659e-03, 6.415053e-05, 8.747799e-07, 5.015405e-05, 0, 5.831866e-07, 1.195533e-05, 5.831866e-07, 2.500000e-01, 3.980807e-11, 0.000000e+00, 0.000000, 1.000000e+02, 0, 0.000000, 2.330669e-20 
9.535101e-03, 6.444212e-05, 8.747799e-07, 5.044564e-05, 0, 8.747799e-07, 1.195533e-05, 2.915933e-07, 2.500000e-01, 3.980807e-11, 0.000000e+00, 0.000000, 1.000000e+02, 0, 0.000000, 1.966757e-20 
9.599543e-03, 6.444212e-05, 8.747799e-07, 5.044564e-05, 0, 5.831866e-07, 1.195533e-05, 5.831866e-07, 2.500000e-01, 3.980807e-11, 0.000000e+00, 0.000000, 1.000000e+02, 0, 0.500000, 7.525738e-11 
9.662527e-03, 6.298415e-05, 8.747799e-07, 4.927927e-05, 0, 5.831866e-07, 1.166373e-05, 5.831866e-07, 2.500000e-01, 3.980807e-11, 0.000000e+00, 0.000000, 1.000000e+02, 0, 0.500000, 8.543865e-11 
9.725512e-03, 6.298415e-05, 8.747799e-07, 4.957086e-05, 0, 5.831866e-07, 1.137214e-05, 5.831866e-07, 2.500000e-01, 3.980807e-11, 0.000000e+00, 0.000000, 1.000000e+02, 0, 0.000000, 2.330669e-20 
9.789370e-03, 6.385893e-05, 8.747799e-07, 5.015405e-05, 0, 5.831866e-07, 1.166373e-05, 5.831866e-07, 2.500000e-01, 3.980807e-11, 0.000000e+00, 0.000000, 1.000000e+02, 0, 0.000000, 1.966757e-20 
9.852938e-03, 6.356734e-05, 8.747799e-07, 4.986246e-05, 0, 5.831866e-07, 1.166373e-05, 5.831866e-07, 2.500000e-01, 3.980807e-11, 0.000000e+00, 0.000000, 1.000000e+02, 0, 0.500000, 7.525739e-11 
9.915922e-03, 6.298415e-05, 8.747799e-07, 4.927927e-05, 0, 5.831866e-07, 1.166373e-05, 5.831866e-07, 2.500000e-01, 3.980807e-11, 0.000000e+00, 0.000000, 1.000000e+02, 0, 0.500000, 8.543866e-11 
9.979489e-03, 6.356734e-05, 8.747799e-07, 4.986246e-05, 0, 5.831866e-07, 1.166373e-05, 5.831866e-07, 2.500000e-01, 3.980807e-11, 0.000000e+00, 0.000000, 1.000000e+02, 0, 0.000000, 2.330669e-20 
1.004306e-02, 6.356734e-05, 8.747799e-07, 4.986246e-05, 0, 8.747799e-07, 1.166373e-05, 2.915933e-07, 2.500000e-01, 3.980807e-11, 0.000000e+00, 0.000000, 1.000000e+02, 0, 0.000000, 1.966758e-20 
1.010633e-02, 6.327575e-05, 8.747799e-07, 4.986246e-05, 0, 5.831866e-07, 1.166373e-05, 2.915933e-07, 2.500000e-01, 3.980807e-11, 0.000000e+00, 0.000000, 1.000000e+02, 0, 0.500000, 7.525740e-11 
1.016990e-02, 6.356734e-05, 8.747799e-07, 4.986246e-05, 0, 5.831866e-07, 1.166373e-05, 5.831866e-07, 2.500000e-01, 3.980807e-11, 0.000000e+00, 0.000000, 1.000000e+02, 0, 0.500000, 8.543867e-11 
1.023318e-02, 6.327575e-05, 8.747799e-07, 4.986246e-05, 0, 5.831866e-07, 1.166373e-05, 2.915933e-07, 2.500000e-01, 3.980808e-11, 0.000000e+00, 0.000000, 1.000000e+02, 0, 0.000000, 2.330670e-20 
1.029616e-02, 6.298415e-05, 8.747799e-07, 4.927927e-05, 0, 8.747799e-07, 1.137214e-05, 5.831866e-07, 2.500000e-01, 3.980808e-11, 0.000000e+00, 0.000000, 1.000000e+02, 0, 0.000000, 1.966758e-20 
1.035944e-02, 6.327575e-05, 8.747799e-07, 4.957086e-05, 0, 8.747799e-07, 1.137214e-05, 5.831866e-07, 2.500000e-01, 3.980808e-11, 0.000000e+00, 0.000000, 1.000000e+02, 0, 0.500000, 7.525740e-11 
1.042271e-02, 6.327575e-05, 8.747799e-07, 4.957086e-05, 0, 5.831866e-07, 1.166373e-05, 5.831866e-07, 2.500000e-01, 3.980808e-11, 0.000000e+00, 0.000000, 1.000000e+02, 0, 0.500000, 8.543868e-11 
1.048657e-02, 6.385893e-05, 8.747799e-07, 5.015405e-05, 0, 8.747799e-07, 1.166373e-05, 2.915933e-07, 2.500000e-01, 3.980808e-11, 0.000000e+00, 0.000000, 1.000000e+02, 0, 0.000000, 2.330670e-20 
1.054985e-02, 6.327575e-05, 8.747799e-07, 4.957086e-05, 0, 5.831866e-07, 1.166373e-05, 5.831866e-07, 2.500000e-01, 3.980808e-11, 0.000000e+00, 0.000000, 1.000000e+02, 0, 0.000000, 1.966758e-20 
1.061312e-02, 6.327575e-05, 8.747799e-07, 4.986246e-05, 0, 5.831866e-07, 1.166373e-05, 2.915933e-07, 2.500000e-01, 3.980808e-11, 0.000000e+00, 0.000000, 1.000000e+02, 0, 0.500000, 7.525741e-11 
1.070818e-02, 9.505942e-05, 1.457967e-06, 7.348151e-05, 0, 1.749560e-06, 1.778719e-05, 5.831866e-07, 2.500000e-01, 3.980808e-11, 0.000000e+00, 0.000000, 1.000000e+02, 0, 0.500000, 8.543869e-11 
1.077583e-02, 6.764965e-05, 1.457967e-06, 5.248680e-05, 0, 5.831866e-07, 1.253851e-05, 5.831866e-07, 2.500000e-01, 3.980808e-11, 0.000000e+00, 0.000000, 1.000000e+02, 0, 0.000000, 2.330671e-20 
1.084056e-02, 6.473371e-05, 8.747799e-07, 5.073724e-05, 0, 5.831866e-07, 1.195533e-05, 5.831866e-07, 2.500000e-01, 3.980808e-11, 0.000000e+00, 0.000000, 1.000000e+02, 0, 0.000000, 1.966759e-20 
1.090413e-02, 6.356734e-05, 8.747799e-07, 5.015405e-05, 0, 5.831866e-07, 1.166373e-05, 2.915933e-07, 2.500000e-01, 3.980808e-11, 0.000000e+00, 0.000000, 1.000000e+02, 0, 0.500000, 7.525742e-11 
1.096828e-02, 6.415053e-05, 8.747799e-07, 5.015405e-05, 0, 5.831866e-07, 1.195533e-05, 5.831866e-07, 2.500000e-01, 3.980809e-11, 0.000000e+00, 0.000000, 1.000000e+02, 0, 0.500000, 8.543869e-11 
1.103185e-02, 6.356734e-05, 8.747799e-07, 5.015405e-05, 0, 5.831866e-07, 1.166373e-05, 2.915933e-07, 2.500000e-01, 3.980809e-11, 0.000000e+00, 0.000000, 1.000000e+02, 0, 0.000000, 2.330671e-20 
1.109629e-02, 6.444212e-05, 8.747799e-07, 5.073724e-05, 0, 5.831866e-07, 1.195533e-05, 2.915933e-07, 2.500000e-01, 3.980809e-11, 0.000000e+00, 0.000000, 1.000000e+02, 0, 0.000000, 1.966759e-20 
1.116103e-02, 6.473371e-05, 8.747799e-07, 5.073724e-05, 0, 8.747799e-07, 1.195533e-05, 2.915933e-07, 2.500000e-01, 3.980809e-11, 0.000000e+00, 0.000000, 1.000000e+02, 0, 0.500000, 7.525742e-11 
1.123859e-02, 7.756382e-05, 8.747799e-07, 6.327575e-05, 0, 5.831866e-07, 1.224692e-05, 5.831866e-07, 2.500000e-01, 3.980809e-11, 0.000000e+00, 0.000000, 1.000000e+02, 0, 0.500000, 8.543870e-11 
1.130391e-02, 6.531690e-05, 1.166373e-06, 5.073724e-05, 0, 5.831866e-07, 1.224692e-05, 5.831866e-07, 2.500000e-01, 3.980809e-11, 0.000000e+00, 0.000000, 1.000000e+02, 0, 0.000000, 2.330672e-20 
1.136806e-02, 6.415053e-05, 8.747799e-07, 5.044564e-05, 0, 5.831866e-07, 1.166373e-05, 5.831866e-07, 2.500000e-01, 3.980809e-11, 0.000000e+00, 0.000000, 1.000000e+02, 0, 0.000000, 1.966759e-20 
1.143250e-02, 6.444212e-05, 8.747799e-07, 5.044564e-05, 0, 5.831866e-07, 1.195533e-05, 5.831866e-07, 2.500000e-01, 3.980809e-11, 0.000000e+00, 0.000000, 1.000000e+02, 0, 0.500000, 7.525743e-11 
1.149607e-02, 6.356734e-05, 8.747799e-07, 5.015405e-05, 0, 5.831866e-07, 1.166373e-05, 2.915933e-07, 2.500000e-01, 3.980809e-11, 0.000000e+00, 0.000000, 1.000000e+02, 0, 0.500000, 8.543871e-11 
1.156576e-02, 6.969080e-05, 8.747799e-07, 5.452795e-05, 0, 5.831866e-07, 1.312170e-05, 5.831866e-07, 2.500000e-01, 3.980809e-11, 0.000000e+00, 0.000000, 1.000000e+02, 0, 0.000000, 2.330672e-20 
1.163545e-02, 6.969080e-05, 1.166373e-06, 5.452795e-05, 0, 5.831866e-07, 1.283011e-05, 5.831866e-07, 2.500000e-01, 3.980809e-11, 0.000000e+00, 0.000000, 1.000000e+02, 0, 0.000000, 1.966760e-20 
1.170689e-02, 7.144036e-05, 8.747799e-07, 5.656910e-05, 0, 5.831866e-07, 1.283011e-05, 5.831866e-07, 2.500000e-01, 3.980809e-11, 0.000000e+00, 0.000000, 1.000000e+02, 0, 0.500000, 7.525744e-11 
1.177658e-02, 6.969080e-05, 1.166373e-06, 5.423636e-05, 0, 8.747799e-07, 1.283011e-05, 5.831866e-07, 2.500000e-01, 3.980810e-11, 0.000000e+00, 0.000000, 1.000000e+02, 0, 0.500000, 8.543872e-11 
1.184569e-02, 6.910761e-05, 8.747799e-07, 5.394476e-05, 0, 8.747799e-07, 1.283011e-05, 5.831866e-07, 2.500000e-01, 3.980810e-11, 0.000000e+00, 0.000000, 1.000000e+02, 0, 0.000000, 2.330673e-20 
1.191509e-02, 6.939921e-05, 8.747799e-07, 5.423636e-05, 0, 8.747799e-07, 1.283011e-05, 5.831866e-07, 2.500000e-01, 3.980810e-11, 0.000000e+00, 0.000000, 1.000000e+02, 0, 0.000000, 1.966760e-20 
1.197836e-02, 6.327575e-05, 8.747799e-07, 4.986246e-05, 0, 5.831866e-07, 1.137214e-05, 5.831866e-07, 2.500000e-01, 3.980810e-11, 0.000000e+00, 0.000000, 1.000000e+02, 0, 0.500000, 7.525745e-11 
1.204193e-02, 6.356734e-05, 8.747799e-07, 5.015405e-05, 0, 5.831866e-07, 1.166373e-05, 2.915933e-07, 2.500000e-01, 3.980810e-11, 0.000000e+00, 0.000000, 1.000000e+02, 0, 0.500000, 8.543872e-11 
1.212503e-02, 8.310409e-05, 1.457967e-06, 6.473371e-05, 0, 8.747799e-07, 1.545445e-05, 5.831866e-07, 2.500000e-01, 3.980810e-11, 0.000000e+00, 0.000000, 1.000000e+02, 0, 0.000000, 2.330673e-20 
1.219356e-02, 6.852443e-05, 1.457967e-06, 5.365317e-05, 0, 5.831866e-07, 1.253851e-05, 2.915933e-07, 2.500000e-01, 3.980810e-11, 0.000000e+00, 0.000000, 1.000000e+02, 0, 0.000000, 1.966760e-20 
1.225742e-02, 6.385893e-05, 5.831866e-07, 5.044564e-05, 0, 5.831866e-07, 1.195533e-05, 2.915933e-07, 2.500000e-01, 3.980810e-11, 0.000000e+00, 0.000000, 1.000000e+02, 0, 0.500000, 7.525745e-11 
1.232157e-02, 6.415053e-05, 8.747799e-07, 5.044564e-05, 0, 5.831866e-07, 1.195533e-05, 2.915933e-07, 2.500000e-01, 3.980810e-11, 0.000000e+00, 0.000000, 1.000000e+02, 0, 0.500000, 8.543873e-11 
1.238572e-02, 6.415053e-05, 8.747799e-07, 5.044564e-05, 0, 5.831866e-07, 1.195533e-05, 2.915933e-07, 2.500000e-01, 3.980811e-11, 0.000000e+00, 0.000000, 1.000000e+02, 0, 0.000000, 2.330673e-20 
1.244987e-02, 6.415053e-05, 1.166373e-06, 5.015405e-05, 0, 5.831866e-07, 1.166373e-05, 5.831866e-07, 2.500000e-01, 3.980811e-11, 0.000000e+00, 0.000000, 1.000000e+02, 0, 0.000000, 1.966761e-20 
1.251373e-02, 6.385893e-05, 8.747799e-07, 5.015405e-05, 0, 5.831866e-07, 1.166373e-05, 5.831866e-07, 2.500000e-01, 3.980811e-11, 0.000000e+00, 0.000000, 1.000000e+02, 0, 0.500000, 7.525746e-11 
1.257875e-02, 6.502531e-05, 8.747799e-07, 5.102883e-05, 0, 5.831866e-07, 1.224692e-05, 2.915933e-07, 2.500000e-01, 3.980811e-11, 0.000000e+00, 0.000000, 1.000000e+02, 0, 0.500000, 8.543874e-11 
1.264349e-02, 6.473371e-05, 8.747799e-07, 5.015405e-05, 0, 8.747799e-07, 1.224692e-05, 5.831866e-07, 2.500000e-01, 3.980811e-11, 0.000000e+00, 0.000000, 1.000000e+02, 0, 0.000000, 2.330674e-20 
1.270764e-02, 6.415053e-05, 8.747799e-07, 5.015405e-05, 0, 5.831866e-07, 1.195533e-05, 5.831866e-07, 2.500000e-01, 3.980811e-11, 0.000000e+00, 0.000000, 1.000000e+02, 0, 0.000000, 1.966761e-20 
1.277645e-02, 6.881602e-05, 8.747799e-07, 5.394476e-05, 0, 5.831866e-07, 1.283011e-05, 5.831866e-07, 2.500000e-01, 3.980811e-11, 0.000000e+00, 0.000000, 1.000000e+02, 0, 0.500000, 7.525747e-11 
1.284556e-02, 6.910761e-05, 8.747799e-07, 5.452795e-05, 0, 5.831866e-07, 1.283011e-05, 2.915933e-07, 2.500000e-01, 3.980811e-11, 0.000000e+00, 0.000000, 1.000000e+02, 0, 0.500000, 8.543875e-11 
1.291438e-02, 6.881602e-05, 1.166373e-06, 5.365317e-05, 0, 5.831866e-07, 1.283011e-05, 5.831866e-07, 2.500000e-01, 3.980811e-11, 0.000000e+00, 0.000000, 1.000000e+02, 0, 0.000000, 2.330674e-20 
1.298378e-02, 6.939921e-05, 8.747799e-07, 5.452795e-05, 0, 5.831866e-07, 1.283011e-05, 5.831866e-07, 2.500000e-01, 3.980811e-11, 0.000000e+00, 0.000000, 1.000000e+02, 0, 0.000000, 1.966761e-20 
1.305230e-02, 6.852443e-05, 8.747799e-07, 5.423636e-05, 0, 5.831866e-07, 1.253851e-05, 2.915933e-07, 2.500000e-01, 3.980811e-11, 0.000000e+00, 0.000000, 1.000000e+02, 0, 0.500000, 7.525747e-11 
1.311558e-02, 6.327575e-05, 8.747799e-07, 4.957086e-05, 0, 5.831866e-07, 1.166373e-05, 5.831866e-07, 2.500000e-01, 3.980811e-11, 0.000000e+00, 0.000000, 1.000000e+02, 0, 0.500000, 8.543875e-11 
1.318002e-02, 6.444212e-05, 8.747799e-07, 5.073724e-05, 0, 5.831866e-07, 1.166373e-05, 5.831866e-07, 2.500000e-01, 3.980812e-11, 0.000000e+00, 0.000000, 1.000000e+02, 0, 0.000000, 2.330675e-20 
1.324329e-02, 6.327575e-05, 8.747799e-07, 4.986246e-05, 0, 5.831866e-07, 1.137214e-05, 5.831866e-07, 2.500000e-01, 3.980812e-11, 0.000000e+00, 0.000000, 1.000000e+02, 0, 0.000000, 1.966762e-20 
1.330657e-02, 6.327575e-05, 8.747799e-07, 4.957086e-05, 0, 5.831866e-07, 1.195533e-05, 2.915933e-07, 2.500000e-01, 3.980812e-11, 0.000000e+00, 0.000000, 1.000000e+02, 0, 0.500000, 7.525748e-11 
1.337014e-02, 6.356734e-05, 8.747799e-07, 5.015405e-05, 0, 5.831866e-07, 1.137214e-05, 5.831866e-07, 2.500000e-01, 3.980812e-11, 0.000000e+00, 0.000000, 1.000000e+02, 0, 0.500000, 8.543876e-11 
1.343370e-02, 6.356734e-05, 8.747799e-07, 4.986246e-05, 0, 5.831866e-07, 1.166373e-05, 5.831866e-07, 2.500000e-01, 3.980812e-11, 0.000000e+00, 0.000000, 1.000000e+02, 0, 0.000000, 2.330675e-20 
1.349756e-02, 6.385893e-05, 8.747799e-07, 5.015405e-05, 0, 5.831866e-07, 1.195533e-05, 2.915933e-07, 2.500000e-01, 3.980812e-11, 0.000000e+00, 0.000000, 1.000000e+02, 0, 0.000000, 1.966762e-20 
1.356113e-02, 6.356734e-05, 8.747799e-07, 4.957086e-05, 0, 8.747799e-07, 1.195533e-05, 2.915933e-07, 2.500000e-01, 3.980812e-11, 0.000000e+00, 0.000000, 1.000000e+02, 0, 0.500000, 7.525749e-11 
1.362441e-02, 6.327575e-05, 8.747799e-07, 4.957086e-05, 0, 5.831866e-07, 1.166373e-05, 5.831866e-07, 2.500000e-01, 3.980812e-11, 0.000000e+00, 0.000000, 1.000000e+02, 0, 0.500000, 8.543877e-11 
1.368797e-02, 6.356734e-05, 8.747799e-07, 5.015405e-05, 0, 5.831866e-07, 1.166373e-05, 2.915933e-07, 2.500000e-01, 3.980812e-11, 0.000000e+00, 0.000000, 1.000000e+02, 0, 0.000000, 2.330676e-20 
1.375067e-02, 6.269256e-05, 8.747799e-07, 4.957086e-05, 0, 5.831866e-07, 1.137214e-05, 2.915933e-07, 2.500000e-01, 3.980812e-11, 0.000000e+00, 0.000000, 1.000000e+02, 0, 0.000000, 1.966762e-20 
1.381423e-02, 6.356734e-05, 8.747799e-07, 5.015405e-05, 0, 5.831866e-07, 1.166373e-05, 2.915933e-07, 2.500000e-01, 3.980812e-11, 0.000000e+00, 0.000000, 1.000000e+02, 0, 0.500000, 7.525749e-11 
1.387780e-02, 6.356734e-05, 8.747799e-07, 5.015405e-05, 0, 5.831866e-07, 1.166373e-05, 2.915933e-07, 2.500000e-01, 3.980813e-11, 0.000000e+00, 0.000000, 1.000000e+02, 0, 0.500000, 8.543878e-11 
1.394137e-02, 6.356734e-05, 8.747799e-07, 4.957086e-05, 0, 8.747799e-07, 1.166373e-05, 5.831866e-07, 2.500000e-01, 3.980813e-11, 0.000000e+00, 0.000000, 1.000000e+02, 0, 0.000000, 2.330676e-20 
1.403905e-02, 9.768376e-05, 3.207526e-06, 7.318992e-05, 0, 1.457967e-06, 1.895356e-05, 8.747799e-07, 2.500000e-01, 3.980813e-11, 0.000000e+00, 0.000000, 1.000000e+02, 0, 0.000000, 1.966763e-20 
1.410524e-02, 6.619168e-05, 8.747799e-07, 5.190361e-05, 0, 5.831866e-07, 1.224692e-05, 5.831866e-07, 2.500000e-01, 3.980813e-11, 0.000000e+00, 0.000000, 1.000000e+02, 0, 0.500000, 7.525750e-11 
1.417056e-02, 6.531690e-05, 8.747799e-07, 5.161202e-05, 0, 5.831866e-07, 1.195533e-05, 2.915933e-07, 2.500000e-01, 3.980813e-11, 0.000000e+00, 0.000000, 1.000000e+02, 0, 0.500000, 8.543879e-11 
1.423588e-02, 6.531690e-05, 1.166373e-06, 5.102883e-05, 0, 5.831866e-07, 1.224692e-05, 2.915933e-07, 2.500000e-01, 3.980813e-11, 0.000000e+00, 0.000000, 1.000000e+02, 0, 0.000000, 2.330676e-20 
